0.166974974524329 0.0484100398138546 0.0487098419756046 -0.0155166516635437 -0.0507598594706466 -0.0265137838314638 -0.0272148223515204 -0.0982436745008954 0.0182507678819168 0.0249474630018076 0.166974974524329 0.0484100398138546 0.0487098419756046 -0.0155166516635437 -0.0507598594706466 -0.0265137838314638 -0.0272148223515204 -0.0982436745008954 0.0182507678819168 0.0249474630018076 0.166974974524329 0.0484100398138546 0.0487098419756046 -0.0155166516635437 -0.0507598594706466 -0.0265137838314638 -0.0272148223515204 -0.0982436745008954 0.0182507678819168 0.0249474630018076 0.166974974524329 0.0484100398138546 0.0487098419756046 -0.0155166516635437 -0.0507598594706466 -0.0265137838314638 -0.0272148223515204 -0.0982436745008954 0.0182507678819168 0.0249474630018076 0.166974974524329 0.0484100398138546 0.0487098419756046 -0.0155166516635437 -0.0507598594706466 -0.0265137838314638 -0.0272148223515204 -0.0982436745008954 0.0182507678819168 0.0249474630018076 0.166974974524329 0.0484100398138546 0.0487098419756046 -0.0155166516635437 -0.0507598594706466 -0.0265137838314638 -0.0272148223515204 -0.0982436745008954 0.0182507678819168 0.0249474630018076
0.0484100398138546 0.138640019564646 -0.0676839631792855 -0.00999358713369177 -0.0212383192689111 -0.000552330501144964 -0.023325245221194 -0.0287910159790956 -0.00202313585411401 -0.0587278053694236 0.0484100398138546 0.138640019564646 -0.0676839631792855 -0.00999358713369177 -0.0212383192689111 -0.000552330501144964 -0.023325245221194 -0.0287910159790956 -0.00202313585411401 -0.0587278053694236 0.0484100398138546 0.138640019564646 -0.0676839631792855 -0.00999358713369177 -0.0212383192689111 -0.000552330501144964 -0.023325245221194 -0.0287910159790956 -0.00202313585411401 -0.0587278053694236 0.0484100398138546 0.138640019564646 -0.0676839631792855 -0.00999358713369177 -0.0212383192689111 -0.000552330501144964 -0.023325245221194 -0.0287910159790956 -0.00202313585411401 -0.0587278053694236 0.0484100398138546 0.138640019564646 -0.0676839631792855 -0.00999358713369177 -0.0212383192689111 -0.000552330501144964 -0.023325245221194 -0.0287910159790956 -0.00202313585411401 -0.0587278053694236 0.0484100398138546 0.138640019564646 -0.0676839631792855 -0.00999358713369177 -0.0212383192689111 -0.000552330501144964 -0.023325245221194 -0.0287910159790956 -0.00202313585411401 -0.0587278053694236
0.0487098419756046 -0.0676839631792855 0.201850750970248 0.0094099970112671 -0.0247245698384275 -0.0299283411175269 -0.00146526193198054 -0.0447630255430972 0.0182132049899634 0.135182705779465 0.0487098419756046 -0.0676839631792855 0.201850750970248 0.0094099970112671 -0.0247245698384275 -0.0299283411175269 -0.00146526193198054 -0.0447630255430972 0.0182132049899634 0.135182705779465 0.0487098419756046 -0.0676839631792855 0.201850750970248 0.0094099970112671 -0.0247245698384275 -0.0299283411175269 -0.00146526193198054 -0.0447630255430972 0.0182132049899634 0.135182705779465 0.0487098419756046 -0.0676839631792855 0.201850750970248 0.0094099970112671 -0.0247245698384275 -0.0299283411175269 -0.00146526193198054 -0.0447630255430972 0.0182132049899634 0.135182705779465 0.0487098419756046 -0.0676839631792855 0.201850750970248 0.0094099970112671 -0.0247245698384275 -0.0299283411175269 -0.00146526193198054 -0.0447630255430972 0.0182132049899634 0.135182705779465 0.0487098419756046 -0.0676839631792855 0.201850750970248 0.0094099970112671 -0.0247245698384275 -0.0299283411175269 -0.00146526193198054 -0.0447630255430972 0.0182132049899634 0.135182705779465
-0.0155166516635437 -0.00999358713369177 0.0094099970112671 0.0683360907405106 0.0185288089017579 0.00338363175055227 0.0260931187218942 0.00709326305716216 -0.00654080020883523 -0.00539845172448868 -0.0155166516635437 -0.00999358713369177 0.0094099970112671 0.0683360907405106 0.0185288089017579 0.00338363175055227 0.0260931187218942 0.00709326305716216 -0.00654080020883523 -0.00539845172448868 -0.0155166516635437 -0.00999358713369177 0.0094099970112671 0.0683360907405106 0.0185288089017579 0.00338363175055227 0.0260931187218942 0.00709326305716216 -0.00654080020883523 -0.00539845172448868 -0.0155166516635437 -0.00999358713369177 0.0094099970112671 0.0683360907405106 0.0185288089017579 0.00338363175055227 0.0260931187218942 0.00709326305716216 -0.00654080020883523 -0.00539845172448868 -0.0155166516635437 -0.00999358713369177 0.0094099970112671 0.0683360907405106 0.0185288089017579 0.00338363175055227 0.0260931187218942 0.00709326305716216 -0.00654080020883523 -0.00539845172448868 -0.0155166516635437 -0.00999358713369177 0.0094099970112671 0.0683360907405106 0.0185288089017579 0.00338363175055227 0.0260931187218942 0.00709326305716216 -0.00654080020883523 -0.00539845172448868
-0.0507598594706466 -0.0212383192689111 -0.0247245698384275 0.0185288089017579 0.119616065894974 0.00814954885424652 0.0437571172287655 -0.00528812029409461 -0.0111710635601202 -0.0251378395999319 -0.0507598594706466 -0.0212383192689111 -0.0247245698384275 0.0185288089017579 0.119616065894974 0.00814954885424652 0.0437571172287655 -0.00528812029409461 -0.0111710635601202 -0.0251378395999319 -0.0507598594706466 -0.0212383192689111 -0.0247245698384275 0.0185288089017579 0.119616065894974 0.00814954885424652 0.0437571172287655 -0.00528812029409461 -0.0111710635601202 -0.0251378395999319 -0.0507598594706466 -0.0212383192689111 -0.0247245698384275 0.0185288089017579 0.119616065894974 0.00814954885424652 0.0437571172287655 -0.00528812029409461 -0.0111710635601202 -0.0251378395999319 -0.0507598594706466 -0.0212383192689111 -0.0247245698384275 0.0185288089017579 0.119616065894974 0.00814954885424652 0.0437571172287655 -0.00528812029409461 -0.0111710635601202 -0.0251378395999319 -0.0507598594706466 -0.0212383192689111 -0.0247245698384275 0.0185288089017579 0.119616065894974 0.00814954885424652 0.0437571172287655 -0.00528812029409461 -0.0111710635601202 -0.0251378395999319
-0.0265137838314638 -0.000552330501144964 -0.0299283411175269 0.00338363175055227 0.00814954885424652 0.0687621429109579 0.023811962505668 0.034741230096994 -0.0234477120787631 -0.0319512359898965 -0.0265137838314638 -0.000552330501144964 -0.0299283411175269 0.00338363175055227 0.00814954885424652 0.0687621429109579 0.023811962505668 0.034741230096994 -0.0234477120787631 -0.0319512359898965 -0.0265137838314638 -0.000552330501144964 -0.0299283411175269 0.00338363175055227 0.00814954885424652 0.0687621429109579 0.023811962505668 0.034741230096994 -0.0234477120787631 -0.0319512359898965 -0.0265137838314638 -0.000552330501144964 -0.0299283411175269 0.00338363175055227 0.00814954885424652 0.0687621429109579 0.023811962505668 0.034741230096994 -0.0234477120787631 -0.0319512359898965 -0.0265137838314638 -0.000552330501144964 -0.0299283411175269 0.00338363175055227 0.00814954885424652 0.0687621429109579 0.023811962505668 0.034741230096994 -0.0234477120787631 -0.0319512359898965 -0.0265137838314638 -0.000552330501144964 -0.0299283411175269 0.00338363175055227 0.00814954885424652 0.0687621429109579 0.023811962505668 0.034741230096994 -0.0234477120787631 -0.0319512359898965
-0.0272148223515204 -0.023325245221194 -0.00146526193198054 0.0260931187218942 0.0437571172287655 0.023811962505668 0.106236503012735 0.00969314918057176 -0.0392163089074036 -0.00570207078548428 -0.0272148223515204 -0.023325245221194 -0.00146526193198054 0.0260931187218942 0.0437571172287655 0.023811962505668 0.106236503012735 0.00969314918057176 -0.0392163089074036 -0.00570207078548428 -0.0272148223515204 -0.023325245221194 -0.00146526193198054 0.0260931187218942 0.0437571172287655 0.023811962505668 0.106236503012735 0.00969314918057176 -0.0392163089074036 -0.00570207078548428 -0.0272148223515204 -0.023325245221194 -0.00146526193198054 0.0260931187218942 0.0437571172287655 0.023811962505668 0.106236503012735 0.00969314918057176 -0.0392163089074036 -0.00570207078548428 -0.0272148223515204 -0.023325245221194 -0.00146526193198054 0.0260931187218942 0.0437571172287655 0.023811962505668 0.106236503012735 0.00969314918057176 -0.0392163089074036 -0.00570207078548428 -0.0272148223515204 -0.023325245221194 -0.00146526193198054 0.0260931187218942 0.0437571172287655 0.023811962505668 0.106236503012735 0.00969314918057176 -0.0392163089074036 -0.00570207078548428
-0.0982436745008954 -0.0287910159790956 -0.0447630255430972 0.00709326305716216 -0.00528812029409461 0.034741230096994 0.00969314918057176 0.171756559379809 -0.0353840069038588 -0.0188437728973976 -0.0982436745008954 -0.0287910159790956 -0.0447630255430972 0.00709326305716216 -0.00528812029409461 0.034741230096994 0.00969314918057176 0.171756559379809 -0.0353840069038588 -0.0188437728973976 -0.0982436745008954 -0.0287910159790956 -0.0447630255430972 0.00709326305716216 -0.00528812029409461 0.034741230096994 0.00969314918057176 0.171756559379809 -0.0353840069038588 -0.0188437728973976 -0.0982436745008954 -0.0287910159790956 -0.0447630255430972 0.00709326305716216 -0.00528812029409461 0.034741230096994 0.00969314918057176 0.171756559379809 -0.0353840069038588 -0.0188437728973976 -0.0982436745008954 -0.0287910159790956 -0.0447630255430972 0.00709326305716216 -0.00528812029409461 0.034741230096994 0.00969314918057176 0.171756559379809 -0.0353840069038588 -0.0188437728973976 -0.0982436745008954 -0.0287910159790956 -0.0447630255430972 0.00709326305716216 -0.00528812029409461 0.034741230096994 0.00969314918057176 0.171756559379809 -0.0353840069038588 -0.0188437728973976
0.0182507678819168 -0.00202313585411401 0.0182132049899634 -0.00654080020883523 -0.0111710635601202 -0.0234477120787631 -0.0392163089074036 -0.0353840069038588 0.095287223796207 0.0164024195318955 0.0182507678819168 -0.00202313585411401 0.0182132049899634 -0.00654080020883523 -0.0111710635601202 -0.0234477120787631 -0.0392163089074036 -0.0353840069038588 0.095287223796207 0.0164024195318955 0.0182507678819168 -0.00202313585411401 0.0182132049899634 -0.00654080020883523 -0.0111710635601202 -0.0234477120787631 -0.0392163089074036 -0.0353840069038588 0.095287223796207 0.0164024195318955 0.0182507678819168 -0.00202313585411401 0.0182132049899634 -0.00654080020883523 -0.0111710635601202 -0.0234477120787631 -0.0392163089074036 -0.0353840069038588 0.095287223796207 0.0164024195318955 0.0182507678819168 -0.00202313585411401 0.0182132049899634 -0.00654080020883523 -0.0111710635601202 -0.0234477120787631 -0.0392163089074036 -0.0353840069038588 0.095287223796207 0.0164024195318955 0.0182507678819168 -0.00202313585411401 0.0182132049899634 -0.00654080020883523 -0.0111710635601202 -0.0234477120787631 -0.0392163089074036 -0.0353840069038588 0.095287223796207 0.0164024195318955
0.0249474630018076 -0.0587278053694236 0.135182705779465 -0.00539845172448868 -0.0251378395999319 -0.0319512359898965 -0.00570207078548428 -0.0188437728973976 0.0164024195318955 0.185338660600597 0.0249474630018076 -0.0587278053694236 0.135182705779465 -0.00539845172448868 -0.0251378395999319 -0.0319512359898965 -0.00570207078548428 -0.0188437728973976 0.0164024195318955 0.185338660600597 0.0249474630018076 -0.0587278053694236 0.135182705779465 -0.00539845172448868 -0.0251378395999319 -0.0319512359898965 -0.00570207078548428 -0.0188437728973976 0.0164024195318955 0.185338660600597 0.0249474630018076 -0.0587278053694236 0.135182705779465 -0.00539845172448868 -0.0251378395999319 -0.0319512359898965 -0.00570207078548428 -0.0188437728973976 0.0164024195318955 0.185338660600597 0.0249474630018076 -0.0587278053694236 0.135182705779465 -0.00539845172448868 -0.0251378395999319 -0.0319512359898965 -0.00570207078548428 -0.0188437728973976 0.0164024195318955 0.185338660600597 0.0249474630018076 -0.0587278053694236 0.135182705779465 -0.00539845172448868 -0.0251378395999319 -0.0319512359898965 -0.00570207078548428 -0.0188437728973976 0.0164024195318955 0.185338660600597
